0
0
0
0
0
0
0
0
0
0
0
0
0
0
0
0
0
0
0
0
0
0
0
0
0
0
0
0
0
0
0
0
0
0
0
0
0
0
0
0
0
0
0
0
0
0
0
0
0
0
0
0
0
0
0
0
0
0
0
0
0
0
0
0
0
0
0
0
0
0
0
0
0
0
0
0
0
0
0
0
0
0
0
0
0
0
0
0
0
0
0
0
0
0
0
0
0
0
0
0
0
0
0
0
0
0
0
0
0
0
0
0
0
0
0
0
0
0
0
0
0
0
0
4
4
4
4
4
0
0
0
0
0
0
0
0
0
0
0
0
0
0
0
3
9
12
10
4
0
0
0
0
0
0
0
0
0
0
0
0
0
0
0
3
15
1
13
4
0
0
0
0
0
0
0
0
0
0
0
0
2
2
2
6
15
1
13
4
0
0
0
0
4
2
2
2
2
2
2
2
12
12
12
12
1
1
13
4
0
0
0
0
3
0
0
0
0
0
0
0
1
1
1
1
1
1
13
4
0
0
0
0
3
0
0
9
12
12
10
0
1
1
1
1
1
1
13
4
0
0
0
0
3
0
0
15
1
1
13
0
1
18
14
14
19
1
13
4
0
0
0
0
3
0
0
15
1
1
13
0
1
13
0
0
15
1
13
4
4
4
4
2
6
0
0
8
14
14
11
0
1
13
0
0
15
1
1
10
4
4
4
4
0
0
0
0
0
0
0
0
1
17
12
12
16
1
1
13
0
4
4
4
0
0
0
0
0
0
0
0
1
1
1
1
1
1
1
13
0
4
4
4
0
0
0
0
0
0
0
0
1
1
1
1
1
1
1
13
0
4
0
0
0
0
0
0
0
0
0
0
1
1
1
1
1
1
1
13
0
4
0
0
0
0
0
0
0
0
0
0
